Daily Rainfall Totals (mm), Hazelrigg Weather Station, Lancaster University (Meteorological Office Climatological Station Number 7236) 
Brian Davison, LEC, Lancaster University, data obtained March 2012 
Format=Year, Month, 1-31 daily precipitation values. Any entry set to -99.99 means that no data exists for that day. 
2010      1   1.10   5.50   0.00   7.80   1.80   0.00   0.00   0.00   0.00   0.70   0.70   0.01   0.60   2.40  14.30   1.00   0.30   1.20   0.00   0.00   9.90   0.30   1.10   0.40   0.01   0.20   0.10   2.00   0.00   0.00   0.00
2010      2  10.40   0.00   3.00   0.90   0.00   0.30   0.01   0.00   0.00   0.00   0.00   0.10   0.00   1.00  10.00   3.30   0.10   2.90   0.00   0.01   0.01   0.00   5.20   0.01   9.90   9.00   0.00   0.01 -99.99 -99.99 -99.99
2010      3   0.01   0.00   0.00   0.00   0.00   0.00   0.00   0.00   0.00   0.00   0.00   0.00   0.00   0.00   0.00   0.10   0.00   2.20   9.00   4.70   2.00   2.50   4.10   0.90  11.10   3.90   0.01   0.30   5.60  17.40   0.30
2010      4   0.01   0.60   0.60  10.90   0.01   4.60   0.20   0.00   0.00   0.00   0.00   0.00   0.00   0.00   0.00   0.00   0.00   0.00   0.00   0.00   0.00   0.00   0.00   1.80   0.01   0.00   0.00   0.00   0.01   0.00 -99.99
2010      5  25.40   0.01   0.01   0.01   0.70   0.30   0.00   0.00   0.80   0.00   0.01   0.00   0.40   0.01   2.20   0.00   0.00   0.30   0.01   0.01   0.01   0.00   0.00   0.00   0.00   1.50   3.10   1.40   1.50   0.00   5.10
2010      6   2.10   0.00   0.00   0.00   0.00   1.40   2.90   0.10   0.01   0.00   0.00   0.70   2.20   0.00   0.00   0.00   0.00   0.00   0.00   0.00   0.00   0.00   0.20   0.00   0.00   0.00   0.00  25.00   0.00   0.20 -99.99
2010      7  19.50   0.00   0.00   0.80   0.00   4.50   1.60   1.70   2.50   6.60   0.00   0.00   6.30   7.00  17.60   4.30   5.40  17.90  24.50  25.50   0.30   0.00   0.00  10.80   0.30   1.90   0.01   0.20   0.00  12.20   2.50
2010      8   0.00   2.60   7.40   4.80   0.10   6.80   0.30   0.01   2.40   0.20   0.01   0.40   4.50   0.00   0.00   8.50   0.01   3.50   8.50   1.10   0.00   0.90   8.50   0.40   0.01   0.00   0.10   5.40   0.00   0.00   0.00
2010      9   0.00   0.00   0.00   0.00   0.00  25.10   1.20   0.00  15.00  12.90   1.70   7.40  33.10   0.60   3.50   5.50   1.20  29.40  24.50   0.01   0.00  19.50   3.50   0.01   0.00   0.00   0.00   7.00   3.80   3.20 -99.99
2010     10   7.70   9.00   8.50   0.60  13.90   0.01   0.00   0.00   0.00   0.00   0.00   0.00   0.00   0.00   0.30   0.00   0.50   3.80   0.10   1.60   0.50  18.30   0.20   0.00   3.50  10.20   2.30   0.80   4.80   2.60   0.01
2010     11   3.60  15.30  11.50  17.30   1.50   0.00  24.70   5.00   0.01   8.00   3.40   0.90   4.40   0.01   2.40   0.70   6.50   0.70   0.01   0.30   1.10   0.40   0.00   0.00   0.00   0.00   0.00   0.00   1.20   0.00 -99.99
2010     12   0.00   0.00   2.70   0.00   0.00   0.20   0.00   0.00   0.80   1.00   0.01   0.01   0.00   0.00   2.70   1.10   2.00   0.00   0.00   0.00   0.00   0.00   0.00   0.00   0.00   5.40   8.40   2.60   0.00   0.00   0.00
2011      1   0.01   0.01   8.70   7.60   1.70   0.00   2.00   1.00   2.10  11.10   7.70   8.00   1.10   2.00  18.50   7.40   0.20   0.01   0.00   0.00   0.01   0.30   0.01   0.70   1.40   0.00   0.00   0.00   0.00   0.00   7.30
2011      2   0.20   2.80   8.10   6.80  22.50  10.40   0.01  12.20   2.00   0.40   8.70   3.10   7.70   1.00   3.90   0.20   0.00   4.60   1.10   0.00   1.20   4.30   2.80   0.20   8.20   0.80   0.10   0.01 -99.99 -99.99 -99.99
2011      3   0.00   0.01   0.00   0.00   0.00   0.00   0.00   2.30   1.20   0.60   9.00  13.10   0.01   0.00   0.00   0.00   0.00   0.00   0.70   1.10   0.01   0.00   0.00   0.00   0.00   0.00   0.00   0.00   2.90   9.00   2.50
2011      4   6.10   1.80   1.00  26.10   9.60   0.00   0.00   0.00   0.00   0.00   3.10   0.30   0.20   0.40   0.00   0.00   0.00   0.00   0.00   0.00   0.00   2.50   0.00   0.00   0.00   0.00   0.00   0.00   0.00   0.00 -99.99
2011      5   0.00   0.00   0.00   0.00   3.40   6.60   8.30   1.40   5.50   0.70   0.00   0.40   2.70   1.40   4.30  11.40   6.10   0.00   0.00   0.30   9.70   1.80  10.10   0.00   7.80   0.20   5.70   0.40   0.80   0.30   0.00
2011      6   0.00   0.00   0.00   0.70   0.01   0.50   2.70   0.90   5.30   0.10   0.00   8.30   0.00   0.80   1.10   0.00   5.20   1.50   0.00   3.60   5.10   0.40   1.90   6.60   0.20   1.10   0.00   0.00   1.30   0.00 -99.99
2011      7   0.00   0.00   0.00   0.00   7.80   7.50   4.30  23.70   1.90   0.00   0.00   0.00   0.00   0.00   6.90  13.70   5.40   5.40   0.01   0.30   2.00   0.60   0.00   0.00   0.00   0.00   0.00   0.00   0.00   0.00   0.20
2011      8   5.70   0.30   8.10   2.90   0.00   7.90   1.50   0.00   7.80  25.90   4.80   4.30   0.70   1.40   7.30   3.40   0.01   3.50   0.90   9.00   0.30   0.00   0.10   4.30   2.80   5.70   1.00   0.20   3.00   0.30   0.00
2011      9   0.00   0.60  11.30   9.60  52.00   4.10   4.10   1.80   1.40   6.60   6.60   0.00   0.10   2.70   0.01  34.80  17.60   0.30   4.50   0.00   3.20   0.01   0.10   0.10  19.80   0.01   0.00   0.00   0.00   0.00 -99.99
2011     10   0.90   5.60   0.10   1.80   9.30   6.50   2.10  18.90   4.30  13.60  10.00   0.20   0.00   0.00   2.10   0.80   7.50   3.70   0.20   8.30   0.00   2.20   0.00   1.40   0.40   0.20   1.50   0.60   5.20   1.80   9.10
2011     11   0.01   4.20   0.10   0.30   0.01   0.01   0.01   0.01   3.40   0.01   6.00   0.01   0.00   0.00   0.00   1.20   0.30   0.00   0.00   3.80   2.20   0.01   5.10   5.40   1.40   6.70   0.01   0.70   6.90   2.50 -99.99
2011     12   2.30   5.20   4.30   3.00   2.60  10.60   9.00   2.30   5.00  15.90   5.70  11.70   0.90   0.00   4.60   6.40   3.80   3.90   7.30   7.00   1.20   9.60   1.90   3.40   0.10   0.90   4.90   2.40   2.50  10.00   4.20
